0
1819.2720318511144
750.0827537488549
1511.8898417963992
1881.5335578891172
449.2452742401189
616.13333875
825.66196375
845.7096166827693
369.59181157101693
166.94144837292538
305.5845386322152
1597.3084153632255
-210
1378.0063930418976
1042.1059306889272
226.24547062723013
-110.48931935315625
181.541649240119
196.01271278240773
-310
1221.6746765324078
-100.78650374374999
922.5722584980326
1766.4162047346267
24.478625000000022
-310
71.01271278240773
953.5358750000003
131.01271278240773
1441.1641493576176
390.397001340625
401.01271278240745
-45.23335075988102
729.1062501317928
143.90755876805719
1557.5746563975272
1235.9475288975273
1169.347258498033
196.01271278240773
542.2715013406249
-310
36.94722512923437
584.1544615324075
405.0622322677125
826.1330071574076
254.76664924011902
1081.629840090625
721.5543821574075
580.1202943750001
885.8666693749999
25.172414602346464
1140.5428588208756
922.5722584980326
199.28974271028028
670.8354946479884
1150.4805891230328
252.96274805741643
713.8874174037283
-210
899.8827237886094
914.4024371337518
1439.8425162961196
433.0786249999999
-290.2693954745071
196.01271278240773
1810.214768231106
-310
839.1544615324075
-310
1532.4268708421628
998.452942455744
1249.2383906124542
545.9648864456805
961.924846817338
900.3420748049341
1267.8580071574079
642.5074852389903
-310
640.5806632501967
680.603555083797
778.0696442262043
-310
1028.3529018483684
2126.774908052431
124.53790014868946
189.80516563124996
1315.0122006871622
515.1794700213039
965.2163548557537
176.01271278240773
1059.5652237886095
19.211593680679073
2451.9569184435054
468.3457480287283
690.8999879901189
1118.0532621618124
477.991919375
747.3734194656251
1731.9552733839116
1124.2344098158585
1261.5732093478405
902.536723215625
294.1707681636093
1494.5110674662828
250.73452558074393
804.5127127824074
1215.1992194189347
107.99191937500001
196.01271278240773
340.154772990119
34.766649240118966
1094.5963015324078
998.7555891230326
-257.7847985021416
1034.5314901857985
422.78771278240754
888.3002379901193
1010.8440896611569
687.6634005807439
532.8776152125611
-310
2036.8070569930583
321.725
839.3969772022667
2328.2300223147413
214.62583653240773
15.967876340625025
661.2331864869171
355.4860055585014
1230.7796321574078
1064.0090369894153
196.01271278240773
652.2871936151189
148.02430422289297
869.0621936151188
-150.64385405968824
653.5502789003616
1212.4059949131545
2086.2804722651504
349.0046321574076
971.0124342358658
911.1202670176253
-112.61791271604412
400.59166937500004
412.7877127824074
1567.4175148350262
170.23628734133206
1452.2182824577994
354.6258365324077
186.01271278240773
-310
1610.400467551786
625.4413377824075
1186.675005907408
1123.535875
390.1491247025954
1437.6056708187034
482.6750472302381
10.591669375000038
1514.2385704427163
2341.5747606360997
126.01271278240773
1872.9544427780802
810.5379705673377
-175.23335075988103
1006.8717373656693
1009.4769169718752
1284.4963015324076
826.553817420887
-86.85470551457962
945.5515892213787
375.35831861511895
492.742876340625
557.94912643125
-310
1102.2712698886085
928.9083186151192
1559.1943022632836
1416.253301532408
272.78771278240754
522.7877127824075
270.9627127824077
469.5469751292343
-83.225
300.12029437500007
1030.1543821574076
-212.59975
-79.17636065889374
-250.57556383969336
1237.5341752824077
1267.096051532408
196.01271278240773
-80.21449397047914
416.9588717787283
115.54166937500003
1181.5303065537119
-310
298.8059548869627
196.01271278240773
681.6374510769557
748.3202389501243
634.7548340386573
1134.7598164951494
547.0254255648152
-45.23335075988102
637.1224622317372
-310
1507.5249525683698
446.4621734802379
514.591811571017
-65.23335075988102
951.0830071574078
288.4486565910934
196.01271278240773
610.9248689918858
-201.38687625
2016.6886017856536
296.0127127824077
858.9426789009636
814.483568615119
109.7306045254929
-310
-49.82422180181186
2128.67256532999
1560.4145387283418
564.9292811090318
934.1642874099787
548.7532260841534
1295.1501169522187
10.591669375000038
291.4487945542776
2662.054695815418
855.5683784136576
-45.23335075988102
300.59166937500004
1062.9080071574076
1436.2825140611292
196.01271278240773
110.59166937500004
162.78771278240777
1672.3799222783061
0
1005.0216601108539
1262.9063418120036
-310
948.2890877605205
2167.0461818949075
352.7877127824074
1123.786689247783
196.01271278240773
829.120436571017
436.55954571562495
1452.6293645119945
196.01271278240773
592.7877127824075
1768.2167521574079
-310
1899.8385962804407
-20.471374999999966
1274.492353047789
-111.38687625
275.35831861511906
-115.23335075988102
843.8693011614877
858.7510410965098
-201.38687625
612.8743730287283
1613.4128839658383
189.52862499999998
2405.725159357344
288.6970925670315
392.99815180432927
564.591811571017
-121.49749028822303
1525.958249968698
-310
1635.5718037754366
494.8414901082415
724.5048514775806
-310
-310
337.1988934292515
181.541649240119
856.3668115710167
1101.9808934292514
751.5092141230324
856.3668115710169
196.01271278240773
-310
997.0993173985255
-310
1042.143523981207
244.29527424011906
834.9165256713687
1582.590507157408
196.01271278240773
925.3935519054403
706.292876340625
301.9805891230327
259.428625
1433.1004048580328
531.3508365324075
694.1544615324075
365.22620903865754
-252.65334609963836
636.4769123077016
253.57909878860943
151.84306300621728
2049.65664061618
918.3293821574075
541.4755000000001
1286.7475084980329
486.3036249999999
1790.1823945717308
1118.0760739178436
767.5505411537283
-310
-45.23335075988102
862.6938742002906
196.01271278240773
275.35831861511906
558.9546321574077
324.3822864312499
-310
-0.48931935315624975
991.0558257829266
496.71369983610793
1945.8226149001894
-203.50609681094818
724.0046321574076
422.78771278240754
577.856428675572
-310
282.0471932192904
-0.8290933862938346
-211.38687625
1092.745182430679
1039.8101257099786
843.0749272996887
360.35409878860935
680.9457945302177
854.0365171792513
-202.59975
1350.796371370023
876.1407048704211
256.0127127824077
778.8678046400762
1346.2613714610702
-45.23335075988102
1501.882603002523
912.5722584980326
536.5050431249999
2814.5138768141956
334.9830318656109
196.01271278240773
42.35024999999999
54.766288792972716
1465.4524704130797
1163.9896714669717
883.1283519772187
1119.5477710633452
196.01271278240773
513.959795715625
196.01271278240773
500.3712884591308
-124.06395149987522
-210
-83.225
43.379772990118965
-45.23335075988102
400.5413377824076
-210
1513.709851888306
325.68169553012547
1116.3692096468747
40.13473887193618
959.6290235593124
79.52862500000003
0.5916693750000377
-201.38687625
-45.23335075988102
351.93575268124994
244.29527424011906
-310
497.43333874999996
1015.8662924037287
1105.8954365710172
220.7793620225267
-310
774.6258365324076
295.541669375
655.9861249999999
1528.4899403261727
1213.0511949557442
1184.5631117401192
201.9588717787284
210.96271278240772
1141.8449627824077
1159.347258498033
416.13333875
658.1758365324075
785.2432379901189
1065.4967060566703
741.5043821574075
1288.0055699557445
-310
196.01271278240773
97.40025
669.836943615119
3543.4835483356733
631.9805891230325
2617.629104547318
-210
441.92484681733765
0
-310
-45.23335075988102
1986.47695779474
1698.0982683922002
-348.00161906971243
1858.4575051757975
-135.34929562534063
286.49487779017386
2699.252433823108
960.9811820810617
850.5298269059388
1760.6204812115632
1041.2959589829143
1982.837095056193
2220.05732751911
2212.905579094253
1912.6176497748029
1529.715931053998
1217.9047434504353
2785.1319249685357
188.55943339325557
0
1026.9655855860879
1031.3232747776372
1675.7147063723746
892.9458723906619
2330.028477164324
1115.8390167762832
3139.70434978685
-310
-75.23335075988102
334.80716401713335
1201.7797684188379
1842.6920654070807
1180.2166189956204
2630.8037549132064
1955.5721753761254
3916.5884945064936
1635.8865708531291
2631.488420157681
218.71798030971053
2447.4793914436887
573.2847206931061
3212.9105065782937
3356.046982149564
690.6543714355045
83.9309021099885
1831.379388963047
3762.9164257642788
3525.4282479771705
291.16185161588885
750.0125272912169
3176.102279110059
742.8452994737876
237.3666957416084
1595.3133855244046
3585.5200954218976
723.1244746838373
1393.5348303043393
1713.6009927130415
1271.2582422024711
1024.640695687907
1616.0703017644653
1234.5895970482004
186.01271278240773
127.71608191083362
1086.630849054768
1576.5101873318279
2630.679382752538
917.9090268846048
112.60496988703954
1826.7293973241565
689.7053106507108
4675.592027673579
4205.342382937818
2032.228747407516
6107.191038419113
1693.8002716751391
2291.6782192198507
324.3136243693533
4482.194660108541
909.0105844177867
579.9560535731821
25.283615689141016
3844.5156222158566
855.5005605943863
2704.7491355440184
-130.23335075988103
2460.0161502968763
1456.724356865828
2528.3987742640047
491.341125598599
1025.1131040201142
1091.0042298373944
620.6392102824076
1061.7915510489906
2389.156699908845
1919.3137131217459
161.75954598023804
2294.5970833553024
576.1376806376454
759.7958894652653
2052.3230475001315
-202.59975
320.2315181196316
255.7793620225267
285.7793620225267
171.00850261199975
262.8873914420694
1538.4392437610156
1209.8131383472228
2128.9759991589303
338.318126340625
1022.6983923181788
1616.5681344671057
1404.683431080269
758.6009255648152
888.0381383472229
139.21159368067902
1193.399796981845
451.8908675333422
1392.2668090636744
475.81787841365747
1155.051478736825
2058.6368060124337
433.38004312500004
1020.7574477203568
1618.4349733534725
716.8096692354881
564.886943615119
-310
1150.2126608349067
472.02542556481546
-29.152317604420034
1827.7117357713305
739.3293620225267
-55.23335075988102
-310
2022.349464951691
881.0830071574078
1377.2921293812499
368.32977299011884
544.0072500000001
1191.5432127093768
1873.7922836999708
1007.4422140086472
946.9384654713785
274.17732988696275
-310
3080.5976325125
542.6251844284261
739.2710014345884
1051.715452804777
2922.2801941536754
2010.2037942751044
468.96254896960966
431.18333874999996
1598.597990448173
843.0966923651189
1018.6034053369688
1021.1366178739099
-310
1177.7991285042826
-210
3293.035359485004
-10.100000000000023
-32.65334609963833
380.7793620225266
-86.5870372175923
-210
1255.4677359362654
823.8262743307439
1287.4938895104845
606.73404063125
577.3735951354844
377.5550229901189
1459.9223399460654
-310
1996.5710708694023
71.01271278240773
373.89189924011885
196.01271278240773
1024.1219818224163
2075.8774044161732
1648.0675834567498
56.01271278240773
1324.4593414389713
913.3203772929589
-310
2460.2413974440815
380.7793620225266
380.3083186151189
115.54166937500003
835.4767475000003
1578.999514403094
482.4411631231022
1214.7655887118926
2472.131577136745
-25.233350759881034
1759.9171058798624
1035.6003539951587
1179.8389871131512
234.5810000906249
853.0748229692787
1038.6330865324078
-83.225
137.82471743067902
1285.0734602530313
-310
-310
622.0254255648152
-310
1577.5848443749999
1021.3319088927499
621.1674857725264
495.19884118759194
1242.2885761455593
2232.2290996507313
2279.9147151812494
1432.716208846875
390.67986202252655
2090.2977389037774
1018.0503732851721
1224.2690288556407
2722.496007062113
-310
757.2462089830025
725.8118746885951
1075.1617325261348
2730.4046327373003
1242.6887688713864
520.2837704963689
281.308298480238
-202.59975
275.35831861511906
-225.46670151976204
572.8949450667029
-45.23335075988102
1801.4663722667824
779.3422114281852
-371.7045984930519
-310
1416.7877982523155
1114.957905776078
1930.2354231616905
565.3079870225266
-0.23335075988097742
1320.6793005648155
265.7793620225267
-310
920.836875602588
1966.8828391719048
135.18137259687506
-519.9300677005472
729.7059679458628
-310
-210
-21.858251249999967
73.08977943545318
194.7469039003616
803.3386063075047
475.2884439766068
3440.2902659918873
2138.2498819685125
-310
242.29665390036155
931.9584809460171
758.3786109600263
819.9254600062498
1497.1315412443537
3393.4876772860443
1821.2769875778222
2262.326973508821
580.124967855238
642.7082370225266
844.121541875
486.7255210188473
469.2336234525952
512.2715013406249
544.9657739427142
-355.70876376057754
196.01271278240773
1603.7617051303841
196.01271278240773
1200.7734487213563
21.012712782407704
542.0254255648155
1188.0612420746413
1119.1423248049346
-31.876195603156248
1453.7328187116593
3104.061171434835
576.9110626118907
40.35422339024285
285.7793620225267
-155.71175127026203
270.7793620225267
1211.7770516230328
712.5543620225266
1072.2516346034731
1899.9783074917832
1049.9167568750001
2880.174497848428
2047.9558743433895
-310
-210
2995.385665176008
419.20479312500004
-45.23335075988102
1802.1683993274619
-490
400.12029437499996
1009.8716923651191
1568.5877475556676
1116.9136445042345
467.855382516565
249.2999477203569
142.19222253860937
1577.8600506554405
296.0127127824077
1607.7249961151192
1392.41241563125
2913.0518507371703
1704.4829209701272
-210
353.30517699371876
59.53329848023796
1484.196348157963
217.81791687500004
-100.1
3802.3503976274387
1391.8166924921582
1557.1198607462777
586.4579057760781
1880.063467188223
733.3793821574076
1505.192961623033
2796.1558601889146
1588.6305279689318
-45.23335075988102
-94.77312999374999
-210
879.4540928552383
808.7712813975265
258.941899240119
1066.8386505807443
40.98527834829838
1527.250492929935
1138.8964513244928
3934.4970066454644
727.956086161488
173.37977299011902
-310
522.7877127824075
331.25829848023795
462.7838919136094
1976.0779158154091
1022.8047875873422
728.284545715625
1689.8509278614883
1619.5347303830492
-310
1489.4433441958631
602.2557199757919
1299.6131865194002
603.7178967401188
281.541649240119
236.83060217450384
2611.747558840983
4590.647493597545
2384.230701422075
-310
296.0127127824077
2111.680403176255
1490.8824168750002
2882.026781547336
1272.1081873908765
2438.3495505951782
2918.8714636847717
-210
1509.23023617117
750.2139728035085
1299.4514129181237
3640.887880657175
471.49126976987634
142.742876340625
1914.9583936338695
-310
1428.979920232327
1988.107033989645
289.245274240119
2136.282153473685
1976.7674531821121
630.1879627824075
1408.7336748208627
1261.238507434578
1020.2393190633693
186.01271278240773
1071.2813926117967
878.0381383472231
4760.724428366152
1223.8037124999998
-310
3187.611527835026
-300
2443.9458053129633
-310
-310
636.3518898251264
-310
2192.4728902946003
394.7624030918979
-96.43687625000001
400.9627127824075
81.0127127824077
2205.9145243230196
-45.23335075988102
1473.2124178254999
561.993166875
-39.40833062500002
852.375660121563
2303.1406893955905
1267.372542724801
2006.761803468793
2340.1802461091806
269.05725000000007
-310
442.6184168750001
1146.1670949398153
1565.7122939929925
475.3587836299291
1268.1378568505386
0.5916693750000377
1037.689741711249
432.55436202252656
-45.23335075988102
830.8549908453566
-310
-55.23335075988102
-310
2627.9277379998393
1289.7328376875
768.4173550624373
969.0584181249999
-31.098911250000015
1317.6646358472233
899.1298483162147
429.80072331621386
-100.78650374374999
-310
725.8178784136575
-33.987287217592296
2645.1546951829814
143.55
3371.502601984613
1073.0873896855014
965.3935519054405
2782.3543384473473
1083.9596271636578
-6.019854503631052
2010.870787815828
491.96296278240743
2315.5550516251456
875.5781090794048
1087.7714235935437
1850.1477759167772
-45.23335075988102
-310
585.5603488792343
16.774999999999977
905.8317120443708
-115.23335075988102
-310
950.5413944754876
1410.3889540820985
383.97144236511883
742.5670949398151
110.96337375000007
2142.138567119401
548.7591253337022
16.774999999999977
547.0254255648151
1458.133945042057
432.98880053828714
1797.3325344843747
34.53329848023796
1034.2978594045824
390.12029437500007
196.01271278240773
-310
1007.2663377824078
4098.467310507253
1291.4031411755723
542.0254255648155
814.9046120225266
196.01271278240773
25.967876340625025
242.00609130110945
542.0952467619627
974.5127801475267
-310
672.865846278094
1148.4076565816117
1639.062230133325
14.766649240118966
2447.5763073699786
2149.184485847437
1821.2075427933653
1607.7301363512818
-45.23335075988102
1044.988646577267
522.2842459588452
265.48840265036165
1500.5883138229535
-310
-310
787.8382076175892
844.3861346462973
509.33379063124994
1224.0879707689219
331.5934507477367
-310
715.8178784136575
832.8520079078377
375.77936202252647
831.1601107243066
-310
-210
1874.2674630812262
921.5540505648155
559.4585530073434
1459.8824748150641
1482.3781453724644
1853.1848832156247
-310
4752.139445436309
296.0127127824077
541.3210313975266
647.0254255648154
3191.751109920308
1553.2959933060004
485.5413377824076
-310
571.7920748049343
1937.6547356083597
1862.215644190614
-241.38687625
1031.5801271703776
1694.9335493011758
860.1834809460169
1525.4922271256519
809.4643110759336
439.3084608111359
2691.537630869365
823.7030054517782
39.53329848023796
599.380013112055
819.5064269030938
2103.2433148098385
749.3756755648153
300.9627127824077
-220.34221307981232
115.7793620225267
0.5916693750000377
1953.8427355350263
927.9375595997456
-35.23335075988102
622.7877127824075
824.717142753618
2315.030667424229
824.252480417452
610.8132127824075
664.8869436151189
-310
196.01271278240773
-101.38687625
-310
1364.790936273612
531.7208475386094
375.77936202252647
507.5205443749999
396.01271278240745
-310
774.9841551475265
1050.2884612500002
439.56991229579796
851.5587240450534
285.7793620225267
1090.4587475
-31.098911250000015
326.8959598896744
-3.875573096906237
23.57909878860943
369.864779435453
346.65290318545306
3755.0300105689967
248.72227432752277
2706.612190849934
525.7436381106457
2341.840858363871
2303.528212564488
1504.6510187300996
1074.9180700349407
1585.545152554807
122.11689924011898
244.88399595884533
463.71044269350034
1972.8298229824072
1169.3091866448765
500.9627127824075
978.9885820408426
2105.6002404355604
1036.729350012646
12.906475259779057
3246.202840383243
1540.2013465862924
480.7793620225266
-310
3090.3949117069883
1986.550936343126
1339.796511614705
105.96787634062497
606.6043821574075
-223.81965360694397
1000.6669680735881
1582.2370992466379
2619.7025739656706
625.6061663216674
1082.3055437443536
2151.8807161681602
936.7920748049341
244.9013881120552
2163.3805281738946
997.8402489768187
1437.0623322363076
1564.0604177127032
1414.4634705291683
836.2013365324075
417.70823702252653
3475.686645899543
1135.7591752824076
-40.471374999999966
100.72044420511315
-310
1490.7525329565012
468.8374302130866
1266.1699531791787
402.7877127824074
2466.952377818845
59.53329848023796
1747.6616644203714
382.75856861511886
524.6903899335491
474.0270621539689
728.7812906249999
1028.9260543876455
3142.3411845516307
807.1377451937499
130.73452558074405
4428.761977772951
3145.048328887515
2675.502767834213
32.16689924011905
825.4190540835169
2081.5795881284103
960.9164485564079
2361.965364432966
1673.4505291438472
2123.1585412625004
2282.0068698823457
135.04591067018765
1946.996231505474
196.01271278240773
1860.38641955625
522.6939376175388
2061.7145969656253
806.1330071574076
2519.4595960171187
2604.8602146636576
196.01271278240773
1504.9319315661276
130.99203709508788
1629.8067777573854
2801.5135672591837
1664.0966630485975
-310
1674.0461736463694
960.7867367974789
1649.8311870413731
-140.23335075988103
400.54329828361915
458.7810913011093
196.01271278240773
824.6717137905937
1498.0081137315644
1772.9879028553605
1790.905239692232
926.4688578282748
1415.703231018822
1753.4971895164322
638.448098050572
270.4483447702445
4204.659297135333
79.52862499999998
1406.8706468760815
730.7678784136576
1708.0168147596266
475.2243064630867
903.8938429820096
-310
578.3887766987887
242.58162259687492
1225.5358272804783
466.0956281008665
33.379772990118965
91.38039549636903
92.89045363696272
-310
-310
-310
206.303625
1304.2681143307443
464.8526827545369
1294.788987113152
110.59166937499998
-310
5190.296470437925
1807.8858501032712
276.94289674011907
1162.5841752824078
13.349224494473333
1219.9438101354842
344.2027338905625
1056.1802186898153
1465.5153312562497
870.7263148651191
436.69552424011897
553.4705242401188
54.766649240118966
956.8305911960654
2079.7929178534273
930.5535248427068
973.606270286368
123.08977943545312
248.5
768.4393300682126
196.01271278240773
461.2091142689369
1518.1618544596918
1449.9312564578536
-45.23335075988102
-310
465.1991247025952
76.0127127824077
1710.1676360935437
1748.1414231029783
-105.05000000000001
-310
-63.987287217592296
1612.9311350989753
1271.2964354011267
2289.5573688327727
1558.0476852115312
-41.76514245006251
1234.8423420946099
1010.7605589615314
1159.983408465049
2124.4847318973207
176.01271278240773
2901.32042793752
201.61511262806243
877.0538428552379
1615.045953819338
1849.3119514061748
1916.3799295295094
472.55436202252656
839.6876806376453
328.97144236511883
2362.7960976310937
206.49164924011893
453.50276677130637
215.7793620225267
1269.3524575062502
-310
-310
-45.23335075988102
1271.2204656863853
280.7793620225267
1522.7839410283138
349.66267315934374
2833.9965049018674
480.451174820863
1707.4475673704362
1531.9039628732917
2096.248345164747
196.01271278240773
557.5730779156908
713.2350014731755
1885.531507383955
1247.297336748441
522.7877127824075
1019.2798752618403
501.2921492401189
1050.3132296036986
2049.8961672994255
2430.764487908869
-310
115.54166937500003
99.80516563125002
196.01271278240773
3166.783188183039
-45.23335075988102
217.99191937499995
3015.3704532263655
770.8834141183529
2237.960938847275
2326.047962785199
3031.503264836927
1425.4414838420732
3195.280054384767
1654.5150509236794
243.54999999999995
326.60504312499995
671.8052532072969
466.0023298869627
285.7793620225267
554.3972237649881
2063.739141937011
-45.23335075988102
-45.23335075988102
942.8128894198592
2033.563101900284
1854.0414245048805
1326.0614655189622
2218.171985280811
1933.7573201447149
-105.05000000000001
663.2800431250001
-45.23335075988102
-310
822.6059072739255
1266.7895655217842
-150.23335075988103
108.27091067018767
-310
606.9629627824075
-83.225
-196.1223351407156
1739.2567809126558
472.71417933526266
897.6322519740627
768.1910423113362
424.75516563124995
6.439743756249982
1150.7954164517284
279.0665969604759
340.54601126264566
346.55954571562495
581.5547115324074
2061.4357017622324
1269.51371125
4400.797433219761
4473.53448552964
176.01271278240773
197.23685646646982
2903.5338103998756
1367.760862990119
1950.6152585771133
1131.4678119715154
1371.3508446574078
724.0046321574074
1925.8441516481498
818.6863199679215
630.929793125
1246.4008446574076
54.766649240118966
511.8999905090941
4780.010671992285
2077.276030921875
2855.877041055096
196.01271278240773
-45.23335075988102
200.29004266937045
279.69475757619205
900.2741080983424
1899.5227139937906
-310
616.7678582787767
814.8262063182126
1538.3608046818242
-210
1047.6041483139827
982.705120709996
1161.5714011833313
2071.363518367451
2086.464590913658
585.5413377824076
285.7793620225267
-310
122.08491005964311
-310
-210
684.9639602824074
295.67049970259535
3504.4368714197985
-95.1995
636.7920748049343
1.94710441486896
1838.1034520620522
-45.23335075988102
269.8051656312499
-45.23335075988102
2689.697023866057
2342.0230676266074
718.3277948271128
85.77936202252664
-45.23335075988102
349.53329848023793
1500.6473470199376
2346.0839014819826
618.2600451184691
1879.348415715625
190.1023500218438
1710.1967068248873
4336.352999259546
659.9994547220964
956.7396886151193
535.4579737886094
2368.899223248588
1143.0956998049348
882.6603026423006
913.5813688125832
636.5081719936055
2787.4050645951284
-210
1608.278984675862
280.7793620225267
-310
1332.2344770636396
631.9747856701877
2341.59806987826
965.2448634741108
154.394868853125
1919.8859770458907
86.0127127824077
1050.1600316776894
1414.7155863406247
-421.38687625
1904.1384453357832
827.3850536755721
2228.9838379590788
609.1913877441056
243.54999999999995
-45.23335075988102
370.5460112626456
2875.989736488803
3653.773581816356
2025.9205629116418
35.358318615119
-83.225
293.4129627824077
-310
1711.877784177123
-310
704.230069238
2597.8754859271826
187.87430439684368
1064.055336019514
309.3924857725267
-310
156.01271278240768
133.57909878860937
920.9800945106631
534.7464625000001
927.698465086758
289.55361803593746
1047.7446134741108
2493.6809943552653
370.5460112626456
163.17961202252667
-205.05
-213.225
1383.4421008532968
-310
-97.64974999999998
59.53329848023796
466.90637259687503
1772.813667287888
1814.612779493421
1187.9907953583415
1285.4798221579524
2251.577763558705
1742.132909991301
2870.8273929135225
1096.7340341096265
4929.249740323832
1380.7797641224547
3211.1860717400023
481.3353668071503
64.53329848023796
-210
-83.225
-29.40833062500002
866.0394218210652
542.0254255648155
-310
1411.049755907408
1008.6017772232135
565.3465112626457
1365.6434994870112
648.2049353210168
691.738714111488
870.7195750032799
256.01271278240756
437.02542556481524
370.5460112626456
918.6831654324567
59.53329848023796
3777.2760717539027
2104.257242257402
1286.1906930954315
376.91817386221896
1651.8078611726519
1052.5966682498556
439.0782756917032
3212.7241300196133
261.0127127824077
4480.147277904317
1332.1361408410835
196.01271278240773
495.12074802872826
934.8900639828569
211.90698333607315
454.99285827877645
510.8132127824075
2191.9699914328457
1897.6737010973902
165.88300827975235
802.8047875873419
960.4206390997911
4312.979101497766
108.36362374999999
79.52862499999998
241.01271278240768
2103.5310982712676
1550.8349719079627
1578.9515622489262
624.0046321574074
175.7793620225267
1177.7925531376457
567.0044408205491
477.4657857525634
493.68144881045316
-44.032123659374975
1412.8750840069615
2055.2939332525043
-310
381.7642376343124
1332.6422850533547
1267.7713301492538
1371.7654870225265
1180.330539550033
885.376508332389
839.207912789361
1371.2177503697499
944.5735987102621
981.4690534991332
1235.3580740511575
1630.609338125232
4103.904465090753
264.29994772035695
269.05725000000007
470.6493017993537
1256.3244773079264
1182.7165837196212
689.1047620494218
2930.149938872732
3008.2554300994357
79.52862499999998
2788.764319179028
2599.120518321731
-310
290.9627127824077
348.03977943545294
46.560150156611655
475.72936202252663
2341.085833686057
338.767896740119
-310
724.7357730807439
536.13333875
490.4655904207692
-170.23335075988103
-242.69629962649748
1036.346684071017
1800.3868639620953
1357.0885793672758
325.392169375
711.3710313975264
3308.9039400675756
883.9194905687211
1679.2613324643996
-0.28603111210634324
1574.1445963792341
2234.4962895624094
636.3945851404875
3803.289996498177
522.896751340625
1915.4797755774603
300.9627127824077
2460.346536777448
1096.8780601041406
1637.5359857281542
1844.2778547866424
909.2558051555877
711.5587240450534
507.377563223792
-55.23335075988102
454.1707681636093
349.0619234802381
250.73227067764833
2809.331066338837
444.15479312499997
1201.0830071574078
-310
4252.228571123429
-110
1423.1118892471973
-210
-222.59975
897.0313885068103
813.638250090625
4662.854365843781
1561.7655368250666
1194.3064826481298
-45.23335075988102
2978.3292020522385
1850.180071318231
1770.5919558561218
2985.7405883873043
1660.7256505389744
1839.5026802177817
1817.7780355715813
-102.59975
677.7629951937498
2594.901985923563
3606.1897587294534
1052.844404691897
464.2039884475671
-80.23335075988102
-21.275823096906265
2000.437000317172
2996.6365752546308
493.56773577252636
910.1134842463694
2030.5774252111237
-200.48931935315625
509.5646841285841
1536.259735864625
5029.4343195362635
721.2733649051254
3096.7420989462626
1913.2324498556904
-310
947.5053240449076
1208.4379306376459
-105.23335075988102
729.7165877824076
-310
682.8452263624687
875.6109262751404
1839.317945778777
790.1255369561725
2992.0000308224826
5706.167151182297
693.9061996159866
1217.8181271615626
2075.8786589731776
845.1495774926525
1722.2757841897358
285.7793620225267
299.112001064776
1295.3816921110738
1768.219739417368
773.8870858111359
712.5671639463181
512.4833545832879
736.7920748049344
2764.489058934675
241.3082984802379
110.59166937499998
-310
1839.6186260675363
470.5460112626456
799.6493251510781
2956.6779308419873
1956.4947221910797
-205.05
2697.3514468031362
291.308298480238
1410.3494255459548
-92.65334609963836
2810.2932096465024
632.859664434168
726.9944630866378
196.01271278240773
116.01271278240773
703.5798088709063
1212.6656014698594
-310
3796.822840145374
695.6456789899634
1398.8309206839078
7.2262474999999995
388.14174875000003
762.90833875
5410.988157854843
3572.603352669507
2040.2178681450364
2193.4602761213696
-310
-45.23335075988102
2641.4505827910093
-45.23335075988102
1075.0145125781773
864.3256755648151
1959.1021406159248
1903.9001677900387
2883.5966719186927
-310
1255.0096930633933
-54.105787404447966
-310
-66.42090121139063
748.9121396855013
370.2626605027647
1189.512780147527
721.3719888666085
260.73452558074405
110.89839147007797
1156.2805368433897
911.6753374999998
423.17123089679455
3610.701768066748
769.0321639256204
1124.7023657976722
1564.2398095200574
3481.048791779233
185.5815114502991
-310
1094.560016318745
-45.24488601478221
-83.225
-210
1018.5159183125002
1297.0126247605326
2269.425075471022
3223.445830289166
5706.519423334154
4542.912025850595
1333.964349758601
425.3126605027645
1211.344029848946
574.2576606312499
290.7793620225266
2075.5141766692527
1450.6598230030952
2065.7555492414076
1526.2765734454485
1129.7506301861363
505.95479003902324
-205.05
762.7838608380312
2309.223487826699
1057.450559235909
1218.665763625337
296.0127127824077
1128.4076565816117
299.27265553465065
642.0254255648154
-530.2410759301338
4385.197284138138
824.7529314630867
1474.1387801911937
5161.415135950523
2182.5769948454717
759.0962200448594
1451.967114632203
-45.23335075988102
-45.23335075988102
2396.8331164003616
1077.5154550002687
-201.38687625
1410.3819378397304
935.9337801119984
410.1762090386575
941.5831702311193
1902.9282652845213
1673.0221724924222
475.05041973648804
497.74241937500005
4136.716540971285
-310
532.971584561136
1657.6178178473617
625.1067983612842
1548.0396707121529
857.5956773033681
-310
2647.513215101558
-310
368.1796120225266
54.36335899440621
1409.967590797344
395.7293620225265
3246.601675464035
-310
2350.224333840625
2127.1184958040594
838.3047105644079
1459.3300311151193
980.509687911642
191.01271278240773
703.2100738104531
1228.389725762672
-140.48931935315625
282.4781708811337
1593.1603972209625
-300.23335075988103
39.716649240118954
636.7920748049343
54.766649240118966
741.7912462296015
104.17525
1528.1389227886577
2932.0298157321927
1540.1151961518094
480.73452558074393
1053.7262764037769
1792.2023968408532
54.766649240118966
1626.7623154229664
1611.6320544782714
507.55436202252645
1536.4193208934864
1207.303011219399
2390.1608498365576
1446.9691892003632
1379.2121301649756
242.16689924011894
1458.3168161151195
194.32912499999998
591.9113401556792
202.82038396094595
344.29527424011894
518.8397509113272
835.9055710611842
1299.301633498033
952.1221643812503
70.45848024908759
223.4294066582686
-105.23335075988102
1560.3688668026446
230.58562836720068
737.4184315772668
107.99191937500001
-38.13906935315623
1262.0526032026798
-310
1237.090641357465
-105.05000000000001
3302.3917687082126
-310
2423.5972880881945
5234.463805895893
1692.3657798174347
837.7786972798142
791.6570873131046
259.71664924011895
110.59166937499998
1789.3148236455597
86.541649240119
1892.9997958548067
1669.3632041355327
1107.0721929844726
414.71046631703155
1130.0024544400442
876.2214226493281
156.93354848023802
59.53329848023796
1287.8966745234586
240.96271278240772
522.5543620225266
1415.0096130807444
842.4510944072424
235.35831861511906
-264.70020939805306
-57.30024952606573
187.35524500624996
2689.4226116002765
1671.4805031312505
282.8146442370677
2925.513483518416
1540.4099274281284
1200.156195604067
1215.8429386213693
751.1422557071446
54.766649240118966
206.303625
-210
-95.53931935315626
3376.192201515687
-310
2483.281390597788
810.5125014389542
460.30864799011886
602.0254255648154
932.3837441799346
4.8004999999999995
-250
476.6043821574075
898.7614505994056
2674.1416639616546
334.29527424011894
458.39898378732437
196.01271278240773
904.5131117401193
840.2405887500001
2336.7658842946203
1638.4297352412548
1352.7613166438473
1142.2942313949088
27.907673435906304
151.541649240119
285.7793620225267
1529.589845610861
34.299947720356926
-45.23335075988102
196.01271278240773
1497.9239233968751
-92.17337999374999
884.7324231828334
3291.947923555683
1752.4546741277093
2082.906689347766
2442.1300722006
1819.4740633805907
1482.6478120354413
1064.7635948179623
1664.4686496500112
1536.287780147527
621.5543821574075
490.7293620225265
1490.691973338881
144.19108540042566
1930.7523795066377
927.3735779156909
948.5670748049345
69.29527424011906
90.22164895791596
-101.38687625
-310
1364.790936273612
2752.710311129035
1184.8242737204318
1585.745989111063
478.73809160523797
168.4129627824077
1741.2846600873424
486.89529437499993
487.06992493182213
1248.5079492714444
2150.95346313125
399.0957742401189
25.967876340625025
1868.4431957787767
49.33894216035955
1191.2373358111358
142.7925950448594
2875.1217908973804
1225.7135171700531
571.7920748049343
1546.5011782537863
-310
1395.9974528855328
-310
2594.8847739079065
196.01271278240773
1530.545152554807
96.38039549636892
846.6277637046375
134.58100009062503
-45.23335075988102
914.9603785687848
1189.5732058540439
747.5709099239651
2105.6002404355604
1799.190236109207
901.5547115324075
-16.239465657634298
997.032419487879
480.7793620225266
-310
1111.3730748955593
-195.23335075988103
510.64240192908994
-310
393.71971040042547
1760.3540911772045
300.9627127824077
913.4884207156249
117.99191937500001
365.77936202252647
408.73341812500007
4161.595335252923
3771.679267648539
196.01271278240773
-100.1
1497.775913554934
641.231540625
406.9467430412284
2210.0887622375
58.81471719010341
1588.2056363532706
290.7793620225267
195.54166937500003
687.0425427652164
1161.172848065379
2255.557339577865
358.13477558074385
142.19222253860937
699.3395506404804
195.47855698746866
2248.807120930875
59.53329848023796
908.1620431250001
457.4949473094538
2711.388166157548
296.0127127824077
1702.1517961423096
891.3206998049345
555.4846957753017
1834.5130846412455
-360.5309078257509
3637.13261653511
1696.9085335944592
375.1879627824077
3588.2090604945415
1678.8730724681147
2189.558234319193
248.3457480287284
1221.3434795302503
1178.0962563682708
1214.383381199146
1278.0443510650646
135.04591067018765
1954.3029279193402
296.0127127824077
912.7599511455599
558.585875
3637.3626680731068
573.5053214425212
675.4835347739254
1772.0519742109855
1119.66551639521
160.81321278240767
94.3924857725267
-248.7944278818705
626.9559156312499
1137.4472228086925
648.6131728647044
1210.2005336201983
115.76817933114927
180.75514549636898
858.66964145798
2470.141557264117
449.07895596390654
2806.7219670624995
-45.23335075988102
50.59166937499998
1955.529055498001
2898.257780579746
2302.074436706197
-45.23335075988102
1715.771562214733
602.2964738873761
-155.23335075988103
658.4575653202608
944.0241232303124
850.1299455319628
1747.1907795029497
-120.34221307981235
3084.361214421451
594.0524922178606
166.01271278240773
108.93014549636905
1394.170797588722
721.7678582787765
2006.5696637476208
-310.78650374375
394.62583653240745
1568.1526303499522
-310
-310
-310
237.36666937500001
879.5523972520821
-130.9786387063125
-26.587037217592297
1923.6567599877362
196.01271278240773
-45.23335075988102
372.02542556481524
2020.1060423131876
1348.004296272069
878.4283527108146
1243.4823620712657
1626.9342418650879
1579.5950128970767
1371.5437008631518
135.47855698746872
2174.307284563835
2549.8547250662987
280.7793620225267
134.0012475000001
59.53329848023796
971.9205762073884
144.19108540042566
516.3859595472053
248.5
1108.3327564453596
-210
285.7793620225267
798.901998654946
669.6493251510782
902.2993508623679
-310
1368.990591919917
2041.0893425766508
1715.8001309856134
1516.6417309547319
491.03877515661145
686.3668115710169
110.59166937499998
1962.1133225415606
1098.9441936151195
2161.070014958502
1046.2021767043009
960.5343686198016
2718.1701677824076
4084.983532678354
330.76636504340536
386.01271278240756
778.7590410515985
1659.6491690386576
404.62583653240745
432.75856861511886
1269.6036670387236
115.54166937499997
1469.1871257973821
530.613009750038
245.7793620225267
116.01271278240773
2237.778274808298
1604.1034144718749
1824.5095185685548
-210
2090.0989394431235
2046.1011138202052
-310
-45.23335075988102
1584.60410021423
1293.0761273759385
737.724987990119
285.7793620225267
682.9415877824075
123.37977299011902
720.3603621131517
1480.3905068245076
2135.8316873651197
2088.9483959354848
659.4376645102838
2024.7895788453989
-310
1566.2815888211658
1917.2910071574079
1079.9673449398156
2880.7261767134055
0
435.1379627824075
1718.183952794391
857.4930770358728
4319.168075370829
454.52252257966177
1883.5250895563463
237.4076658686222
762.2396895666805
484.4892369871818
684.8437495046028
653.9397172775454
3817.648136250634
1726.293522819289
1273.1325767425215
1430.5040816248134
2250.6041362679043
1667.972480820648
1580.0793527005944
2046.3379587674121
570.9452254388694
968.75247970646
1483.398112128912
1767.719338912017
3539.974590124701
1722.934790664192
2409.0428133713203
-179.50075054120364
1558.684338781263
2480.92275163433
3034.034295107969
1485.2230197182912
330.17635473901555
327.758451949202
550.9862319369553
3984.5297579715398
2364.803664615021
2947.60834796834
4392.288997513842
150.7793620225267
1110.54001023418
2108.284624482626
-255.2388822897197
65.3069042616969
738.0051866870263
1374.0047765971688
616.0586595199924
1129.454490782328
1078.9841828528392
676.644950011723
-370.8888241329477
1490.3435617910263
1009.7072500277179
1317.4365417257272
192.3279367723561
-65.23744598475716
1011.865301907924
3925.3666843041838
1327.1756242014733
1276.6121060465348
643.1361157600595
1451.9026788661727
113.32881543025309
1162.2995171360312
1817.427244722785
2949.158475486256
-410
-28.184694619608933
2817.1751730634705
1748.0411012699624
447.02542556481546
170.12327390661153
1813.86698547575
-231.0292023425617
514.4256755648154
863.4490667166972
79.99364040934006
2314.0230320568753
3614.1428024321954
1450.5345546826895
275.5460112626457
505.5858899060663
191.08905166835626
876.3614375897189
1091.1085289982939
25.779362022526698
1609.7986775901784
-295.23335075988103
616.5043821574076
1289.386404180332
1552.8512492429727
497.0367819351063
1744.8960837562504
-410
-226.27274749311812
717.6508659852161
1191.7332575451956
-40.37703480335961
1992.2800031740035
895.6665197698767
2704.3780451156535
140.98527834829815
-40.46670151976204
856.2677324716785
1362.8755885994663
1572.906139851713
48.55810610883003
-65.46670151976204
649.0400157291406
1350.0420489962037
-45.233350759881034
1430.5507250091289
422.55436202252656
788.1262354901191
122.94191937499988
1051.4549366071735
375.5413377824076
-110.23335075988103
1144.3324654458634
-210
976.0821431468439
521.8118036683171
2369.031325580745
518.7555891230326
1478.9726380648153
1342.7420627950532
670.936125
1286.111470028094
502.89691438124987
1443.205340090625
-225.23335075988103
-410
-310
872.4437534074077
-75.23335075988103
806.8751668749999
502.02542556481535
932.7599511455594
-523.8472426959365
-410
145.7793620225267
407.02542556481524
-145.23335075988103
214.29527424011894
425.9192580274432
1446.323078630706
385.5413377824076
-410
531.7920748049341
1413.3816126600273
296.01271278240745
2170.5088604521648
427.0254255648151
34.60162000624996
185.7793620225267
262.5428893920961
210.31398756237502
3192.6829856251584
661.4454955284955
725.0629854751221
-100.46670151976204
525.213150580744
1888.826869526078
2124.1251805585903
676.7346950772187
-591.6935245800527
460.3079870225266
531.9805891230325
-357.68639127046254
1344.0127931250001
2245.889474877847
1656.6258901912145
674.286165721875
3860.3447519517777
-35.46670151976204
1600.8376799692476
827.3735779156909
1218.6239754966377
1989.1325142959545
798.1209103596266
-197.64974999999998
1588.3287463666222
60.53462315745173
1943.8182450478544
-302.59975
25.96271278240772
474.7261268253641
1737.3418802267295
214.1365171792513
2336.5378637644158
-85.36286571430725
852.4369637499999
-310
16.774999999999977
2501.1281130791103
513.1296120225265
740.3294284740136
413.77194383346875
523.4302003134858
219.38755604542484
196.01271278240768
146.5601501566116
2236.824155224247
570.5383930774095
258.9418992401189
-211.1346637729303
-78.27499999999998
673.5670748049342
1278.4591148147358
2117.308137621174
-395.23335075988103
34.581000090625025
-195.23335075988103
809.9603785687848
400.9627127824075
990.9901632686672
2005.6002404355604
941.7293500126459
212.10394989321276
1169.3468872823767
921.645900930969
333.7020468906119
2645.205310800708
1215.2972385647358
499.4535389256205
1382.2575872423863
-109.40833062499996
278.828572720357
2385.915462515966
185.7793620225267
0
-96045.23335075988
-86789.13934287445
0
0
-96905.05
-97210
-89794.86498499941
-96814.22063797747
0
0
0
125.50725
0
-92309.15561697341
0
274.73501408815645
226.775
0
-88229.30161078826
0
0
194.52634606787703
-20
0
