0
228.57710018675124
-20
-19657.37215556786
-42097.754357893115
-60021.09220617454
-54138.6402226269
-39932.49729269031
-50579.282782755705
-58197.78182500095
-87440.84531818026
-86833.13742509889
-85402.67471884086
-72525.1830937707
-55819.30021864767
-67868.54999160153
-81184.51657359587
-65629.06241947446
-74525.9186389014
-79521.02406900804
-80468.80216307729
-41511.85090369974
-68014.90745701635
226.775
69.63329848023795
414.85
-7219.381342834681
-1369.248651790965
-8791.201461877963
-5388.079767968842
-1436.0655663975344
-4206.498197280997
-7979.21247832363
-1214.026828940122
-3855.864908074565
-3635.616449227824
-2690.3073024983423
-3286.61251924853
-3175.67367632173
-6573.843451877176
-11038.650134612442
-729.7069361645316
-9434.496558071221
-8396.663178374358
-4893.357226901239
-1470.5548073927416
290
450.6728404968054
209.9
-4032.0610999180253
-9285.317382588804
-7245.030784502519
-1336.7050211853318
-8449.926163953656
-4837.025284263645
-3759.8303133205463
-5210.459264952568
-5573.247301421428
-6688.533200058354
-1886.441610841675
-2719.081743514287
-5974.548946379075
-4017.3320646203633
-2276.536478545958
-3357.791802379779
-1453.694116291606
-4238.009942308043
-3354.5029160604777
-4601.512800231034
304.95
-20
-1820.629829949788
-338.0857235605747
-10410.412179448605
-2955.8186391048184
-9237.19287553812
-6322.001644897422
-6703.779882742513
-4927.5025358608045
-5580.583492118993
-8476.226144244316
-3225.036243880968
-4356.932676847112
-4194.254624688645
-4824.0495488638735
-3706.9639985006643
-2862.4818225274535
-4461.62573321448
-5113.865479707814
-9797.08078884257
-14240.792419850663
0
0
0
226.775
0
0
0
558.5
0
0
-20
0
0
453.55
0
0
0
209.9
0
0
558.5
0
0
-32.05483943104646
0
