-64.10863623749998
237.69488902854766
14.59166937500001
76.44193073746874
387.68370903865775
28.592916875000014
353.17266946562495
250.2136243693534
297.1707681636094
319.925752688971
831.727904811924
550.2174158125
362.51833642292183
656.5075427457018
894.5071901124688
128.57467739011898
-8.521443012531222
357.836122590625
-155
176.59205324371874
52.837397268847326
279.15819757721874
32.893467567031394
-224.23335075988103
1154.9246023625017
530.7657645104845
84.5790987886094
-141.87066020930536
304.65992826893216
-310
866.3097141230327
987.2330865324075
-83.225
766.8775419656249
191.43672740152863
1829.610821250607
2187.3948695260788
-140
550.4879705673377
-336.4963420258128
2321.3000891264705
1175.3428205698679
802.425376340625
-381.38687625
-182.9844309964704
81.81592565309364
981.7258148985259
1829.3479672430149
1210.0152493812498
181.01271278240773
-283.225
-310
717.1611630342077
906.8439748879139
-83.225
-480.2448860147822
625.8933363468749
-123.225
1961.8539811814398
426.55954571562495
-214.79800748749997
179.14256375124256
-310
-11.858251249999967
-54.032123659375
-310
576.987649518244
1261.5977796905627
-156.43687625
-29.40833062500002
3054.665798565242
1086.26266563125
0
-310
-306.74017923453107
1586.6687532584504
-310
1332.821697864193
875.576814621644
26.140937361358
357.16381138472525
-240
1429.808589570938
-320.3310172522822
350.6584094481683
86.85733454720537
-320.48931935315625
342.8883232753616
-310
148.64886049449802
812.2946645764707
-300
649.9369758727033
1313.2535461623759
115.38345018100034
-310
-170
663.8534365542513
55.67648249553753
-310
193.556610025
-146.6319260005
265.82270830625
1415.7432166751516
-310
930.5462813975266
809.1917735698523
-189.55783062499995
467.94309419541503
355.1834809460171
-260
-310
-60.381855759881034
591.2817130269177
2503.46893647611
-110.79520687499999
867.7515737580272
-101.87619560315625
-200.78650374375002
220.99011120451542
887.6597933202211
10.591669375000038
-310
1060.0592141230327
-201.38687625
836.0881707156249
-166.0286387063125
-310
518.9358101337672
1838.9296220874999
222.742876340625
535.5768646723753
-310
282.742876340625
656.1360432156251
704.8916259195386
-195.23335075988103
1642.5694887345169
-310
-100
211.37627531360727
-270.5234300089618
-200.78650374375002
-260.48931935315625
-460.618713892339
997.033120805728
2516.2309884875845
978.7291011615216
211.8611634603925
380.93383875000006
669.7035256917031
1557.5441674943536
-185.11452282093063
282.7838919136094
330.9437885216888
1592.9252514389714
-103.98662625
-110.14950000000002
683.1940987718439
-310
2011.8848987994725
51.816565808525525
860.2538429643636
-310
13.589994402270634
-345.2594539483597
923.8414333720614
1945.2791078591954
-24.03212365937503
-172.49739997815624
1993.118142620683
473.6670112527564
1184.4179437057442
-310
-310
-74.20016798975945
634.4102271757232
165.47045829720537
971.1147977428423
2039.9652488296001
3438.802559658245
170.917876340625
425.32307506511506
-225.4802822968327
-310
821.3378926274029
-91.66154603166332
400.77581128860936
-310
586.958480946017
193.3145302409867
83.08977943545312
537.945011805679
492.9267481193533
-310
7.346653900361673
2859.8183365264945
1415.256734730002
372.346369261423
252.31666937500006
629.5012527216276
1446.9551335955432
1679.9755881193537
-152.0702929338926
854.7831770233888
1066.286222222344
340.2691137317944
-355.1995
-310
255.8057762943729
166.559545715625
110.59166937499998
365.1226159774892
-375.23335075988103
41.16789037122453
4375.548730579033
653.102000188971
13.379772990118965
834.4191732169568
238.30034106428457
944.7132205673381
418.95463215740745
433.8970950386092
-310
-365.23335075988103
192.62037375000006
-94.032123659375
-79.08782185315624
391.13539499732326
-310
-310
38.72227432752277
464.5584475772188
-44.91107685938812
531.5030199988892
816.096854696017
449.2047931249999
210.9132127824077
-125.4743040429509
-653.22942029159
410.0236579395937
-33.54435990343262
2524.4868560999957
-211.72908932981233
-191.38687625
768.4958475386093
-83.225
859.4216002275803
46.928875000000005
-310
-159.1028447485496
528.0785077367814
102.76387124999997
-310
84.47862500000002
328.4182583056719
299.250259458797
281.89722512923447
341.624889926665
900.4174571401377
1017.0590914389709
408.2034931310558
250.08634390765644
222.2517029156911
-310
-382.2866161098597
868.5648866692983
3.5790987886094285
970.4958460909759
-310
-94.88723229951694
4405.360883454911
180.3540987886094
526.5310110204022
-34.48489154761651
227.79390122026803
1455.889252997364
-310
1269.565007203944
451.2065006312499
-243.225
11.541598510622748
138.52909878860942
-173.98662625
1850.8597120376726
-310
-310
-210
3868.2511618152057
-96.42090121139063
-310
-110.2388822897197
-96.42090121139063
965.6419102460648
2.3502499999999884
143.36002765036164
-103.21932563860514
-1.8761956031562477
-280.78650374375
-99.89764997815624
989.3168353697743
-26.42090121139063
2160.1969290001366
-430.48931935315625
680.522064871369
159.80516563125002
-23.071124999999995
745.390806655676
1309.9609868253272
32.19222253860943
2513.3125758474366
2801.227169796065
638.8381432374687
-209.408330625
-180.42526496164794
1025.6997165899147
-310
311.18333874999996
906.9959790514397
-330.78650374375
2177.7845418307447
-105.23335075988102
2237.423954901011
616.1294657408281
40
-123.225
-310
-310
291.52859243067905
353.37508993692893
429.6151816757415
3203.174356592373
-452.59975
499.2424021306741
688.160073810453
-140.9925064386773
272.77018418903504
-20.471374999999966
340.8892751566116
1199.5084860982158
1062.9748343828976
-12.158642974433633
2249.873679915202
279.0596250906251
-310
-490.78650374375
-60
1186.6721415067188
-310
-310
-310.78650374375
450.9594934359818
1039.3727561217102
534.7603805752263
889.7187842598662
-310
-310
2255.5354984159694
-184.03212365937497
-210
187.39834496660455
1368.5803844662494
-200.48931935315625
572.78431272942
-45.59356441633486
213.17329197187485
5492.3089991885045
-210
454.8039910991333
28.141748750000033
436.55144702536165
-290.48931935315625
-200.78650374375
592.9992894718749
-140.26346481592802
-310
399.6769858561655
792.7543569136092
1867.6277389382783
3064.4402030380643
-300.48931935315625
-331.38687625
-420.48931935315625
522.713870438363
579.3318880556789
-260
108.49024066995173
383.078625
209.39970081875003
335.13644523482117
807.0862717121474
-310
1423.3404420234608
-60.78650374375
286.5845862499999
-91.51634880779432
92.51243337979213
1151.9463594417034
174.9486277823491
-291.38687625
-186.42090121139063
1125.525249415104
2.156597361358081
-201.38687625
1498.793954292788
43.368126340625
-310
-310
3587.741299858636
409.56759504485933
2033.9192221522621
221.5912776923443
0
-44.180130633832846
-180.72267011303728
1854.0190842722711
1284.8968189073287
306.9805891230327
310.35409878860924
770.0203685584855
-170.471375
-76.42090121139063
-310
1362.3069809153467
563.8969391707218
158.34538758158214
2412.873222834083
-102.17337999375002
-351.38687625
63.379772990118965
-19.408330624999962
-44.032123659374975
117.33469303287575
495.3038790218749
1318.182749663658
-310
-310
-231.38687625
329.14064490673286
280.12032074160834
359.88272378860927
12.166899240118966
-310
-435.292599252995
-310
763.443415721875
-29.40833062500002
-164.50044810315626
-310
10.591669375000038
656.138623045369
-258.7069002613712
-210
-6.420901211390628
1171.6400915295962
459.4469751292344
0
-272.59975
0
0
9.831209231877722
919.0581902167592
78.23639976884738
-99.40833062499999
1215.8099180055972
634.38038797052
1328.8915669010785
721.0126250752171
1286.6816054901194
-200.48931935315625
253.82272460549416
-134.032123659375
-124.2429946375
-310
1054.0763239178436
532.3594696638968
1081.7610455088452
-249.408330625
125.95619915774836
2267.01324901964
1449.3969792774021
-310
492.1196974972148
185.94998799011898
-310
1455.574413576906
1097.5766588508861
2632.814154368372
-310
-28.12410239305666
495.7263289842899
624.1544615324075
-201.38687625
175.9293487886094
1844.2036662929977
1389.4957762886095
-210
-259.32388544485843
154.02160344873522
568.9815435515982
-315.05
-310
134.7891794355378
765.027235165671
2092.707293158763
146.75487250000003
-180.471375
305.9003173651189
-310
-360.78650374375
2216.6805720042344
-452.59975
590.2550332469359
938.6486609156252
-160
-310
-129.8964284196875
-310
14.715309744274407
-250.47223304960073
408.33538004449144
473.5298725
4463.543108785447
-527.6807185389376
-7.526519133882118
-310
1546.32328958509
315.24700134062493
150.4285569874687
-610.8164270504207
1590.4227440766056
11.012712782407675
2.6857117701873676
-205.05
-310
-51.38687625
988.911779509312
440.2588403491858
-310
373.7177432928437
121.01271278240773
785.93995160585
-310
-55.866089529305185
1720.233617483026
947.6501939703252
10.591669375000038
-285.6912838229231
382.90915345457586
-170.83153243296857
-310
699.0306945316115
406.1329389735864
904.3140575448595
-20.960694353156214
430.12137133104056
-310
787.0721929844726
596.725008125
2700.5365835678394
518.5957546222045
-212.56097210706474
-340.48931935315625
89.21454020637293
738.0412907552277
2310.487056983814
-161.51784202933558
-385.7496390742072
2430.1777513967486
-221.38687625
-310
-310
-250
335.8166807374687
1731.8305644876054
270.12029437500007
-310
-225.90831926253125
928.4104069513571
1691.879358896344
1347.0677475968755
-440.24448267087234
-231.65627172450712
556.5714624999999
-310
739.9222498729441
-310
311.18333874999996
10.96271278240772
-310
551.038170715625
-200.48931935315625
-111.38687625
289.336165721875
909.8253263768918
2055.6587150906253
466.6043821574075
-451.38687625
-310
1766.213811623803
447.9469143812498
501.23157749167285
1155.4447175806852
-262.59975
2688.267964469487
-70.48931935315625
-240.2715582302023
-310
-310
-310
196.01271278240773
174.74690390036164
-230.34221307981232
-490.78650374375
1800.5616163534023
62.15541563125004
-310
3983.6517165823207
-39.89764997815621
207.1424828702519
532.1248340391742
-209.01472165170162
-104.49275
-210
1607.1410623327536
924.296960712303
2523.772282736449
-105.74782249999998
-310
-310
287.06248231647453
-20.471374999999966
830.4250480642181
925.3982309619016
340.4732834066896
-310
1090.8056832978114
356.94722512923437
130.39683500624994
-310
95.91316661249999
1480.9614387865308
302.742876340625
115.35831861511906
97.89027943545312
494.0707681636094
2256.622621221942
-83.225
232.74336875624988
95.54166937500003
146.93591662147497
405.00955707809374
-310
-280
33.57909878860943
-215.2563059171344
3128.035198634966
-79.40833062499999
2310.1678614096786
-330.78650374375
25.967876340625025
97.47622848553692
916.250617635952
-63.56868414254578
2476.6618140847227
312.1414402467286
-280.78650374375
951.1496107219168
1119.2563362782723
992.088354525493
-210
-149.408330625
2206.766352164249
-59.42433673918734
-70.79520687499996
2153.1690052280937
168.42971374999996
1141.2270001784555
86.775
-189.408330625
12.295580235592467
181.83859466897138
74.74690390036164
207.38809118067888
65.95977765036167
-134.44328516653553
218.3629627824077
243.23896028240767
475.226895224244
1740.750937629235
16.775000000000006
-74.01150374374998
-310
-310
-199.93986968412887
381.18333874999996
-310
823.9102193040565
66.01271278240768
-293.9497637063125
628.5470368432187
-310
265.66196375000004
624.0149297254887
334.42296
1046.238393237469
-222.59975
407.47267832793636
423.35936668276906
384.1707681636093
474.59783218395773
-310
-210
-310
187.36666937499996
3733.592767215125
852.8381466283763
637.437428766197
1916.2525976655543
2077.4012091154527
-55.23335075988102
25.69848086611796
-310
588.1322339290778
132.38678822812494
-130.19483436874995
-305.23335075988103
1491.9191268207278
-106.42090121139063
-430.5626364007945
-310
211.18397596456248
-340.3088397294798
2629.496074284377
369.0075283528503
874.4029727620552
97.50260002184376
-310
36.15209179813718
862.2853531698593
-310
1176.77490617896
-310
-155.32991691839672
476.2202870986431
625.3723150661634
393.0950893762748
355.4782216614716
2323.0538568736692
376.1607213854843
-365.05
266.0127127824077
-310
-360
950.9227140076939
536.7731975604532
91.93575268125
1021.4966355088031
869.243289609344
110.95484628860936
-351.27582309690627
3340.1937482471194
14.95
85.74599802872837
-353.952988705242
1142.546076491703
1147.1020649505551
1352.8994657533863
-8.194746792703086
225.6256632608126
-310
122.5699821851432
-310
344.43166313124993
-310
2174.7855996662142
852.0349768620551
20.106858022220422
697.3298300759335
55.96787634062497
260.35409878860935
942.6547931250001
236.55954571562495
-310
-195.42034302755982
-310
-297.9025763846478
213.89481553141673
-210
2317.9746317060567
-310
-205.05
-221.38687625
-261.78691386957195
-83.225
855.3306127546336
-83.225
141.0363830560314
-235.82475
452.7838919136095
-108.2712625944726
-55.69973240060534
-50.471374999999966
572.183372871186
1700.8897234289848
1964.0972255634952
744.0517843280397
470.7119637499999
-310
776.7786326547862
741.6301171245
661.311361233313
-310
-310
-310
205.77132132721874
2151.0183811809234
1234.6722703636622
945.154596361929
804.8052265560002
-295.41043725059546
-310
1478.1950946609832
1875.6706060478018
1015.2453305313179
-346.070933315915
880.4336181363772
148.73341812500001
1489.5333722481066
-310
-230.78650374375002
360.917876340625
1746.718840907408
-370.23335075988103
-210
1611.1526994679407
202.941919375
485.12074802872814
645.3743806823593
795.3016669718752
17.01328066868757
110.42855698746877
100.91787634062501
567.2073994340059
-288.13814039747814
138.12380439684375
37.34665390036167
-310
-310
2024.2103068360584
-492.59975
-322.6031693681811
-113.225
132.83508244322405
1406.0920889299082
120.83748004357437
96.01271278240768
-310
-28.624883040195755
-310
-99.40833062499999
-109.90832844408669
254.85361129368744
-310
1865.539097705498
-86.42090121139063
130.59169574160836
347.17183500625003
208.03514821980247
