6000
6000
6000
6000
6000
6000
6000
6000
6000
5491
6000
2958
3714
3615
6000
4596
3059
5339
3045
5861
5500
6000
3580
5359
1979
4842
5330
5095
4189
6000
4413
2466
4488
3251
6000
3561
5108
2955
2662
2290
4680
4092
6000
4602
5490
2695
2363
3663
2220
4747
3151
6000
4754
1978
6000
4494
4432
4505
5076
4737
6000
6000
4203
5391
2153
3432
5197
4310
2743
4159
4832
3915
5328
6000
4676
3303
2000
2845
4599
3625
3663
3455
5527
3985
4053
3343
4021
6000
2589
3595
4525
3624
6000
4724
6000
5870
5516
2213
5798
6000
5809
3558
5411
3793
4253
4522
4786
4316
6000
3170
3188
5075
2815
5284
5466
5425
2625
4401
3971
3373
4880
6000
