81510.948472486
109970.44354780103
118785.1782332312
120487.39624535487
95730.68017631353
188954.31187291132
143423.61267690844
240387.58467380275
181978.88551020343
221463.5891462618
200364.18210335547
89715.78910746922
153723.00300823382
122199.68680277432
249596.57311542233
161486.79758479042
118246.19216888258
215336.6918970759
91262.70636733697
237396.62188901185
227665.83521058463
239075.35308356077
124366.49742613199
223851.81876746306
70879.87857708237
189510.12742280983
201422.64336833052
222676.45968832498
166410.69658177486
227413.1356422944
160395.27979541052
93476.78938475231
190785.77643207065
121057.17174424454
270117.8545902396
117098.01548688965
205796.70992244512
108666.35198404688
95624.07025113648
73592.48211625063
178333.30492267085
171632.45937511665
246823.66410882378
194125.54933131125
188779.17031981045
110711.68689505823
81369.71655046676
132612.4203075465
73989.71808499894
176637.73527942627
106525.28969647776
264955.5517875346
156789.71425669067
78284.5512689209
238783.87069455636
146124.99092968795
183063.49043389884
180595.6038571507
178065.40816139826
202163.94713199476
256610.35180929268
253984.94510202121
162631.51987315647
199461.89375119892
70048.25384918686
111048.36746717668
169662.85086721022
181783.60823918556
89920.50487476536
168628.96100103657
207918.774769897
158149.2157173522
203527.57894498078
253267.01042316738
195538.68896180752
127017.64252019126
71663.32417807388
93683.59779246544
190087.60527798597
132174.05461787307
139894.22439149814
120038.38565723412
217779.37297453385
135947.17008965785
176505.18025658943
122926.6916150786
167601.22814855626
237340.83703766635
91823.5814852833
125930.45877785119
177153.69745777955
157274.85100968523
272045.9444367493
204487.2526587437
257105.45058563663
250772.69758703714
219643.37571497238
86414.58684506909
254100.61975190425
257984.7363425842
263813.7595745761
149919.68250668322
234104.8303108059
97409.48918658837
144958.7830573188
186211.96162533396
170049.1915107839
159508.8775094348
251203.08890401333
133074.1626735505
132197.92522831194
201527.98306244105
105780.91082834071
235895.3099773188
226859.71086677912
200532.75148073008
80619.77764312418
151548.61738159767
159502.84021765448
123503.96124463488
178534.21302408914
244574.17968597822
